30 pictures pinhole
Camera matrix :

[[7.18827566e+03 0.00000000e+00 1.73734429e+03]
 [0.00000000e+00 6.45765094e+03 1.18276591e+03]
 [0.00000000e+00 0.00000000e+00 1.00000000e+00]]
dist :

[[-2.58141064e+00  7.01084194e+00  5.20547836e-03 -6.82690810e-02
  -7.88326947e+00]]

200 pictures pinhole
  Camera matrix :

  [[2.06175891e+03 0.00000000e+00 1.90464362e+03]
   [0.00000000e+00 2.02891619e+03 1.07075677e+03]
   [0.00000000e+00 0.00000000e+00 1.00000000e+00]]
  dist :

  [[-3.80222019e-01  1.19799020e-01 -1.95336370e-04 -1.63236611e-03
    -1.51800068e-02]]

400 pictures pinhole
Camera matrix :

[[3.96852066e+03 0.00000000e+00 1.93101581e+03]
 [0.00000000e+00 3.86244387e+03 1.08377085e+03]
 [0.00000000e+00 0.00000000e+00 1.00000000e+00]]
dist :

[[-9.18833987e-01  3.25444608e-01 -4.78048443e-03 -6.78371276e-04
   2.55123013e-01]]

85 pictures fisheye
DIM=(3840, 2160)
K=np.array([[1438.3695511282433, 0.0, 1920.177013454303], [0.0, 1435.1071438986887, 1094.9871678107784], [0.0, 0.0, 1.0]])
D=np.array([[-0.03453098453723155], [-0.008937068406945487], [0.004564969004616171], [-0.0019445647791881833]])

220 pictures fisheye
DIM=(3840, 2160)
K=np.array([[1426.4349637104904, 0.0, 1919.8425216336193], [0.0, 1423.1510790046468, 1094.9067233281635], [0.0, 0.0, 1.0]])
D=np.array([[-0.036070207475902644], [-0.002003213487781793], [-0.0007185511458800288], [-0.0004833997296696256]])

pinhole_correction_on_fisheye_model:
Camera matrix : 

[[8.51158290e+02 0.00000000e+00 1.89003916e+03]
 [0.00000000e+00 8.47796721e+02 1.17912096e+03]
 [0.00000000e+00 0.00000000e+00 1.00000000e+00]]
dist :

[[-0.00131221 -0.00089388  0.00234124  0.00322031  0.00010104]]
